0.9	0.2461	0.7421	1.38	2.0648	2.7663	3.5061	4.247	5.0091	5.8461	6.6633	7.401	8.3352	9.1302	10.0325	10.9365	11.6268	12.5643	13.4513	14.3863	15.2411
0.8	0.3537	0.9699	1.6978	2.4968	3.2767	4.1774	4.9814	5.7764	6.7283	7.6387	8.4904	9.3713	10.1774	11.155	12.1467	12.9288	13.8752	14.7891	15.8093	16.7016
0.7	0.4668	1.1888	1.9882	2.8643	3.7589	4.7009	5.5498	6.4355	7.4727	8.3947	9.2676	10.2368	11.0994	12.1384	13.1227	13.919	14.9965	15.8593	16.9472	17.8522
0.6	0.5787	1.4189	2.3072	3.2914	4.1894	5.2104	6.136	7.0826	8.1251	9.0766	9.9994	10.9763	11.922	12.9878	13.9466	14.8681	15.9495	16.8373	17.9669	18.8366
0.5	0.7198	1.6686	2.6183	3.6917	4.6675	5.7392	6.7236	7.6864	8.7809	9.7604	10.7891	11.7929	12.7178	13.8237	14.8491	15.7107	16.8665	17.7825	18.9536	19.8557
0.45	0.8016	1.8065	2.8138	3.9147	4.9066	6.0101	7.0313	8.0202	9.1113	10.1001	11.1637	12.1719	13.1383	14.2335	15.2704	16.1715	17.3263	18.2633	19.4791	20.3909
0.4	0.8898	1.956	2.9975	4.1331	5.1725	6.3187	7.3313	8.3706	9.5096	10.5166	11.5672	12.5923	13.5419	14.6674	15.7643	16.6533	17.8412	18.7846	20.0461	20.8899
0.35	0.9951	2.1375	3.2342	4.3822	5.4654	6.6307	7.662	8.7617	9.896	10.949	11.9854	13.0279	13.961	15.2154	16.2859	17.2246	18.33	19.3241	20.5887	21.496
0.3	1.1302	2.3605	3.4944	4.6489	5.8242	6.9905	8.0695	9.1436	10.3244	11.4124	12.4544	13.5017	14.5252	15.7213	16.8427	17.7212	18.9011	19.9235	21.1113	22.0965
0.28	1.1831	2.4509	3.5853	4.7583	5.9589	7.1126	8.2091	9.358	10.5246	11.6196	12.6387	13.6977	14.711	15.9577	17.0618	17.9097	19.148	20.2102	21.3901	22.321
0.26	1.2427	2.5427	3.7064	4.8904	6.1376	7.2831	8.3883	9.5444	10.7422	11.8214	12.8706	13.8995	14.9568	16.2001	17.2914	18.1057	19.3915	20.4382	21.6636	22.6048
0.24	1.3118	2.6239	3.8231	5.0391	6.2865	7.4654	8.5668	9.7162	10.9309	12.0543	13.1105	14.1359	15.2256	16.4953	17.5171	18.3776	19.6566	20.7222	21.9347	22.9286
0.22	1.3935	2.7296	3.9297	5.1718	6.426	7.6639	8.788	9.9013	11.1028	12.2777	13.3789	14.3844	15.4738	16.7584	17.8138	18.6202	19.9579	21.0109	22.2607	23.2761
0.2	1.4714	2.8499	4.075	5.329	6.5928	7.8906	9.0254	10.1185	11.3122	12.559	13.6778	14.6533	15.7646	17.0194	18.096	18.9333	20.2608	21.3227	22.6251	23.608
0.19	1.5041	2.9218	4.1498	5.4028	6.6931	8.0129	9.1061	10.2289	11.4385	12.6634	13.8219	14.8039	15.9116	17.1803	18.2886	19.0872	20.3987	21.5019	22.8035	23.7528
0.18	1.5526	2.9861	4.2398	5.4956	6.8118	8.1206	9.2162	10.3441	11.554	12.8045	14.0052	14.9806	16.0873	17.3147	18.4561	19.2285	20.5476	21.6706	22.9599	23.9088
0.17	1.6007	3.0788	4.3293	5.6112	6.9231	8.2364	9.3657	10.456	11.6781	12.9696	14.1519	15.1548	16.2512	17.5133	18.6329	19.4033	20.7631	21.8282	23.1323	24.1041
0.16	1.6624	3.141	4.3967	5.7145	7.0179	8.3397	9.5477	10.5899	11.8249	13.1062	14.3499	15.3162	16.3867	17.7223	18.7977	19.6111	20.9293	22.0683	23.3284	24.3349
0.15	1.7317	3.2271	4.5107	5.8077	7.15	8.4755	9.6913	10.7279	11.9587	13.2859	14.4567	15.4565	16.5834	17.8821	18.9991	19.7949	21.1388	22.2565	23.5229	24.5562
0.14	1.806	3.357	4.6194	5.9362	7.2547	8.5957	9.7958	10.8858	12.1156	13.4548	14.649	15.5998	16.7847	18.1021	19.2123	20.0061	21.3681	22.4424	23.699	24.7626
0.13	1.8757	3.4542	4.7313	6.0481	7.395	8.7305	9.948	11.0656	12.2793	13.6581	14.8727	15.8014	16.9774	18.2468	19.4483	20.2113	21.5959	22.6705	23.9816	24.9773
0.12	1.9577	3.5594	4.8281	6.1921	7.5533	8.8938	10.126	11.2393	12.4939	13.8507	15.092	15.9859	17.2399	18.5013	19.6367	20.4794	21.8649	22.9558	24.2637	25.2271
0.11	2.0318	3.6633	4.9393	6.3069	7.7028	9.0504	10.3039	11.3935	12.6686	14.0587	15.2676	16.1861	17.4777	18.6889	19.879	20.7153	22.1006	23.2437	24.549	25.5005
0.1	2.1169	3.7655	5.0911	6.5048	7.8821	9.2389	10.5071	11.6101	12.845	14.2628	15.4801	16.3879	17.6988	18.9128	20.1228	20.9824	22.3825	23.51	24.849	25.7793
0.09	2.2222	3.8995	5.2172	6.6712	8.0211	9.4497	10.7173	11.8612	13.0902	14.5459	15.6727	16.6147	17.9756	19.1948	20.3573	21.235	22.6193	23.7468	25.0917	26.0834
0.08	2.3323	4.0401	5.3849	6.8506	8.2369	9.7126	10.9248	12.1427	13.3807	14.8756	15.8979	16.9348	18.3074	19.4297	20.6047	21.538	22.8894	24.0917	25.4703	26.4535
0.07	2.4245	4.2168	5.5679	7.0766	8.5028	9.9914	11.1705	12.4486	13.6344	15.1758	16.1516	17.2106	18.6735	19.7001	20.9076	21.9277	23.1772	24.495	25.9206	26.8664
0.06	2.5867	4.4092	5.7433	7.3067	8.7791	10.3343	11.4385	12.734	13.9091	15.5513	16.4777	17.6173	19.0042	20.123	21.3002	22.363	23.5365	24.8469	26.3308	27.2609
0.05	2.7588	4.6333	5.9664	7.6395	9.0791	10.5957	11.7448	13.0721	14.3546	15.8779	16.8143	17.9701	19.413	20.5603	21.8115	22.7392	24.0445	25.3844	26.8516	27.8012
0.04	2.9874	4.9624	6.3205	7.9157	9.3789	10.993	12.1924	13.5238	14.8216	16.328	17.2762	18.6383	20.1161	21.0479	22.3206	23.2572	24.5729	25.858	27.3674	28.392
0.03	3.3424	5.3178	6.554	8.3058	9.8375	11.601	12.7062	14.0278	15.4943	16.9949	17.7656	19.406	20.9538	21.7865	23.1973	23.8358	25.2618	26.5735	28.1139	28.9976
0.025	3.4961	5.5123	6.7728	8.5358	10.2078	11.9424	13.0549	14.3329	15.9679	17.2559	18.0374	19.7973	21.4571	22.2327	23.6931	24.1614	25.7164	27.0804	28.4145	29.465
0.02	3.7653	5.9121	7.1105	8.9447	10.5827	12.2381	13.5106	14.6154	16.4566	17.6665	18.5404	20.3227	22.0454	22.8293	24.1883	24.4672	26.2663	27.6165	29.0773	30.0336
0.01	4.3829	6.649	8.2105	9.891	11.4727	13.1677	14.6362	15.8875	17.8071	19.0909	20.1904	21.7933	23.1829	23.8662	25.8697	26.0711	27.3705	29.5056	31.1984	31.9294
