0.9	0.0709	0.2457	0.4981	0.7698	1.0933	1.4227	1.7831	2.1304	2.5247	2.8796	3.2068	3.6648	4.0372	4.4136	4.8729	5.2898	5.7296	6.1444	6.6067	6.9959
0.8	0.111	0.3541	0.6824	1.0181	1.4069	1.7936	2.1897	2.6292	3.0275	3.4101	3.8284	4.2633	4.7053	5.1761	5.5928	6.0762	6.5801	6.9678	7.4358	7.8517
0.7	0.1537	0.4685	0.863	1.2463	1.6997	2.1434	2.559	3.0339	3.4864	3.8709	4.3277	4.7773	5.2765	5.7823	6.2	6.6844	7.189	7.6567	8.1684	8.5478
0.6	0.2095	0.6052	1.0413	1.4794	1.9863	2.4623	2.9201	3.4008	3.8902	4.3261	4.7915	5.2656	5.7577	6.3198	6.7856	7.2301	7.755	8.2642	8.7575	9.1954
0.5	0.2892	0.7524	1.2275	1.7452	2.2739	2.7965	3.2947	3.8078	4.2714	4.7572	5.2496	5.7566	6.2913	6.8843	7.3282	7.7898	8.3726	8.9379	9.3597	9.8136
0.45	0.336	0.8466	1.3383	1.889	2.4255	2.976	3.4922	4.0258	4.4757	4.9818	5.4993	6.0093	6.5899	7.1605	7.6048	8.1006	8.6685	9.2824	9.6929	10.1482
0.4	0.3896	0.9483	1.4768	2.0192	2.6025	3.1446	3.7038	4.2378	4.7227	5.221	5.7901	6.2907	6.849	7.4333	7.9105	8.4123	9.0149	9.6328	10.0188	10.477
0.35	0.4675	1.0644	1.6134	2.1908	2.7968	3.3467	3.9238	4.4819	4.9498	5.4854	6.045	6.6138	7.1674	7.724	8.2339	8.7458	9.3535	9.9454	10.3641	10.8647
0.3	0.568	1.1911	1.7761	2.3624	3.0215	3.5755	4.1572	4.7511	5.2011	5.7884	6.3451	6.8922	7.5058	8.0903	8.5677	9.1184	9.6549	10.3397	10.7757	11.2577
0.28	0.6054	1.2582	1.8518	2.443	3.1145	3.67	4.2823	4.8695	5.3354	5.9089	6.4732	7.0171	7.651	8.2213	8.7332	9.2618	9.8208	10.5165	10.9369	11.4164
0.26	0.6483	1.3261	1.9295	2.5253	3.2152	3.787	4.386	4.9998	5.4894	6.0423	6.6286	7.1561	7.8206	8.3731	8.8772	9.4117	10.0197	10.6847	11.1366	11.5988
0.24	0.6962	1.3834	2.0131	2.6213	3.3066	3.8858	4.5144	5.1153	5.6363	6.1654	6.7653	7.3074	7.9848	8.5094	9.0374	9.5677	10.1922	10.8261	11.3214	11.7902
0.22	0.7507	1.4487	2.0814	2.7292	3.4164	3.9882	4.6191	5.2523	5.771	6.3423	6.9124	7.4931	8.1568	8.6815	9.2201	9.7602	10.3539	11.0001	11.5058	12.0224
0.2	0.8098	1.5343	2.1704	2.8442	3.5311	4.1002	4.7426	5.4059	5.9454	6.4904	7.0897	7.6555	8.2956	8.8699	9.4073	9.9669	10.5815	11.1741	11.7051	12.2442
0.19	0.8407	1.5826	2.2273	2.8902	3.6025	4.1597	4.8203	5.4891	6.0217	6.5569	7.1539	7.7411	8.4008	8.9623	9.5115	10.0734	10.6988	11.3011	11.8119	12.3669
0.18	0.8793	1.6353	2.2796	2.939	3.6773	4.2375	4.8779	5.5512	6.1238	6.6359	7.2392	7.8322	8.5019	9.0743	9.6401	10.1687	10.8107	11.418	11.9118	12.4842
0.17	0.9252	1.682	2.3191	2.9959	3.7598	4.3157	4.9365	5.6489	6.2137	6.7239	7.3298	7.9079	8.5824	9.1817	9.7676	10.2948	10.9136	11.5349	12.0257	12.5909
0.16	0.9765	1.7203	2.3803	3.0524	3.8368	4.383	5.026	5.7402	6.3044	6.8161	7.4234	8.0213	8.6875	9.3095	9.8796	10.4078	11.0259	11.6316	12.1395	12.7313
0.15	1.023	1.7672	2.4479	3.1257	3.9106	4.4757	5.1064	5.8132	6.3988	6.9335	7.5207	8.1018	8.7861	9.4149	10.0066	10.5094	11.1434	11.7391	12.259	12.8291
0.14	1.0571	1.8205	2.5125	3.2187	3.9884	4.5625	5.2065	5.9044	6.4896	7.062	7.6429	8.2347	8.8776	9.5262	10.1216	10.6325	11.2871	11.8457	12.3872	12.9929
0.13	1.1095	1.8811	2.5911	3.2907	4.0746	4.6598	5.3232	6.0052	6.5984	7.207	7.7516	8.3584	9.0223	9.6631	10.2746	10.7529	11.4388	12.0172	12.5268	13.1236
0.12	1.1628	1.9392	2.6671	3.3612	4.1835	4.7709	5.4225	6.139	6.7516	7.312	7.885	8.4898	9.1607	9.8232	10.3898	10.902	11.5555	12.1501	12.6983	13.2942
0.11	1.2129	2.0269	2.7876	3.4453	4.2844	4.8912	5.551	6.2415	6.88	7.432	8.0695	8.6227	9.3281	9.9624	10.5316	11.0432	11.6828	12.3448	12.8415	13.5006
0.1	1.2726	2.1108	2.8962	3.5328	4.3872	4.9968	5.6649	6.4227	7.0414	7.5964	8.2491	8.7778	9.4624	10.1159	10.7606	11.2017	11.8311	12.4437	13.0216	13.7058
0.09	1.3183	2.2016	2.9779	3.6224	4.4998	5.1202	5.7936	6.5773	7.1802	7.7588	8.4467	8.9359	9.626	10.293	10.9183	11.3839	12.0478	12.65	13.2411	13.9155
0.08	1.4004	2.295	3.0693	3.7547	4.6794	5.2756	5.9193	6.7506	7.3036	7.9252	8.6063	9.1362	9.777	10.4812	11.0773	11.5753	12.2262	12.8304	13.4596	14.1616
0.07	1.5015	2.3988	3.1953	3.923	4.8377	5.4629	6.085	6.9543	7.4926	8.1124	8.7672	9.3265	10.0067	10.7025	11.2825	11.8464	12.4176	13.058	13.6255	14.4008
0.06	1.619	2.5054	3.3373	4.0675	5.0318	5.6648	6.2548	7.1333	7.749	8.2886	8.9925	9.5609	10.2129	10.9598	11.4972	12.0565	12.7374	13.3083	13.908	14.6804
0.05	1.7883	2.6778	3.5325	4.2818	5.2335	5.8442	6.4163	7.3656	7.9704	8.6077	9.2128	9.7771	10.4961	11.2747	11.7194	12.3855	13.0521	13.672	14.2139	15.0543
0.04	1.9132	2.8927	3.7513	4.5529	5.4404	6.0957	6.7118	7.68	8.2303	8.9452	9.6235	10.0292	10.8566	11.628	12.0909	12.7689	13.3365	14.0051	14.6368	15.3946
0.03	2.1092	3.1208	4.0456	4.7858	5.8188	6.3568	7.1027	8.044	8.6826	9.3635	9.9481	10.4156	11.2685	12.0414	12.5861	13.1949	13.7841	14.5517	15.1289	15.897
0.025	2.2697	3.35	4.2286	4.9496	6.0177	6.5498	7.3346	8.258	8.9692	9.5874	10.2526	10.6688	11.6572	12.4076	12.8232	13.4355	14.0412	14.8639	15.4275	16.1856
0.02	2.427	3.5836	4.4591	5.2013	6.2386	6.8605	7.6005	8.5397	9.2328	9.8029	10.6663	10.9477	11.9301	12.6919	13.1426	13.7843	14.3451	15.2027	15.7357	16.5425
0.01	2.8986	4.0747	5.1857	5.8929	7.1014	7.6207	8.3502	9.3795	10.2308	10.5477	11.7528	11.7265	12.982	13.7276	14.1163	14.8595	15.3878	16.0159	16.6992	17.8147
